1 +8.15607731e-02
2 +8.31487973e-02
3 +6.60285351e-02
4 +9.74419072e-02
5 +7.12288108e-02
6 +7.39657610e-02
7 +8.87620027e-02
8 +9.38031730e-02
9 +8.28239497e-02
10 +8.71653076e-02
11 +8.41568195e-02
12 +8.12005587e-02
13 +8.58312820e-02
14 +8.55119802e-02
15 +8.12946760e-02
16 +8.08117691e-02
17 +6.85039677e-02
18 +7.46880305e-02
19 +7.61605195e-02
20 +9.76776279e-02
21 +8.48940699e-02
22 +8.18528894e-02
23 +8.89614664e-02
24 +7.56328960e-02
25 +7.98902682e-02
26 +8.92270219e-02
27 +8.29154428e-02
28 +8.47146057e-02
29 +8.33732197e-02
30 +8.22398521e-02
31 +9.46162175e-02
32 +9.01120471e-02
33 +8.05319333e-02
34 +8.67957081e-02
35 +6.98246525e-02
36 +7.81242128e-02
37 +7.66010727e-02
38 +9.02987740e-02
39 +8.93093689e-02
40 +7.89432191e-02
41 +8.32978422e-02
42 +8.18120022e-02
43 +8.74618569e-02
44 +7.77293251e-02
45 +8.44541495e-02
46 +8.74497200e-02
47 +9.59512620e-02
48 +8.05264520e-02
49 +8.57646043e-02
50 +7.97087475e-02
51 +8.16905813e-02
52 +7.55784743e-02
53 +8.98378657e-02
54 +8.80556385e-02
55 +8.53495685e-02
56 +9.41673039e-02
57 +7.04589985e-02
58 +7.28754372e-02
59 +9.14287025e-02
60 +7.21621520e-02
61 +9.50030622e-02
62 +8.68463735e-02
63 +9.70893532e-02
64 +8.31806519e-02
65 +8.21310165e-02
66 +9.13770728e-02
67 +8.55036907e-02
68 +7.59050185e-02
69 +6.68238092e-02
70 +9.80224342e-02
71 +8.33344054e-02
72 +8.01728941e-02
73 +8.99179487e-02
74 +7.45883141e-02
75 +7.46152200e-02
76 +9.95874435e-02
77 +8.73627320e-02
78 +8.57231083e-02
79 +7.56343612e-02
80 +8.63541149e-02
81 +8.55311071e-02
82 +7.96865845e-02
83 +7.24552627e-02
84 +7.60493422e-02
85 +8.08289170e-02
86 +6.42023598e-02
87 +8.65825131e-02
88 +8.45460072e-02
89 +9.37711644e-02
90 +7.27303513e-02
91 +8.11436166e-02
92 +7.65557680e-02
93 +9.34120253e-02
94 +8.08768494e-02
95 +9.11353350e-02
96 +7.44384227e-02
97 +7.44451195e-02
98 +7.79593710e-02
99 +8.76051121e-02
100 +7.80601913e-02
101 +9.21461257e-02
102 +7.91012249e-02
103 +7.45224923e-02
104 +9.22533742e-02
105 +8.62846815e-02
106 +8.91584093e-02
107 +8.50931766e-02
108 +8.53023692e-02
109 +7.30324025e-02
110 +7.05755912e-02
111 +9.46770970e-02
112 +7.26410992e-02
113 +8.26006033e-02
114 +7.80922227e-02
115 +9.95242054e-02
116 +8.44707138e-02
117 +8.31742069e-02
118 +7.00158746e-02
119 +9.16520822e-02
120 +6.33471233e-02
121 +7.88128835e-02
122 +8.45376370e-02
123 +8.30853584e-02
124 +8.60450502e-02
125 +9.30897254e-02
126 +8.20487503e-02
127 +8.04411560e-02
128 +8.52465369e-02
129 +8.55658183e-02
130 +8.27808260e-02
131 +7.76339432e-02
132 +7.51007007e-02
133 +9.44567522e-02
134 +8.84817523e-02
135 +8.21916284e-02
136 +8.47055569e-02
137 +8.57906262e-02
138 +8.12047646e-02
139 +8.42660553e-02
140 +8.94989595e-02
141 +8.21669128e-02
142 +8.97892300e-02
143 +8.77354914e-02
144 +7.04658889e-02
145 +8.26140221e-02
146 +8.93244865e-02
147 +7.69577812e-02
148 +8.51076292e-02
149 +8.56950031e-02
150 +1.02566444e-01
151 +8.54242595e-02
152 +8.90965974e-02
153 +8.59533360e-02
154 +8.59937611e-02
155 +6.56969029e-02
156 +9.03888203e-02
157 +8.58375374e-02
158 +8.74045373e-02
159 +9.00825104e-02
160 +6.34840192e-02
161 +8.58537345e-02
162 +8.91845458e-02
163 +8.15972578e-02
164 +8.43693146e-02
165 +7.24107068e-02
166 +9.43747304e-02
167 +9.60105718e-02
168 +8.65524472e-02
169 +7.84071853e-02
170 +7.55707068e-02
171 +9.14786141e-02
172 +8.13582185e-02
173 +8.08125384e-02
174 +9.44956973e-02
175 +7.76242111e-02
176 +7.25490406e-02
177 +8.39147970e-02
178 +1.05303688e-01
179 +8.63259193e-02
180 +7.73376995e-02
181 +9.82990986e-02
182 +7.67719265e-02
183 +8.87072153e-02
184 +6.96039133e-02
185 +7.98546587e-02
186 +9.65711279e-02
187 +8.46841051e-02
188 +9.27011405e-02
189 +9.11355746e-02
190 +9.52107470e-02
191 +8.53060951e-02
192 +8.57219850e-02
193 +9.14261101e-02
194 +7.89394501e-02
195 +8.40635947e-02
196 +8.06177639e-02
197 +8.21255773e-02
198 +7.64821766e-02
199 +8.41476423e-02
200 +7.19423405e-02
201 +9.20892720e-02
202 +8.62115347e-02
203 +7.83541355e-02
204 +8.63787579e-02
205 +8.77803829e-02
206 +8.47823520e-02
207 +7.69572805e-02
208 +9.11524369e-02
209 +9.30093212e-02
210 +7.21399945e-02
211 +9.38047704e-02
212 +7.10484647e-02
213 +8.48993105e-02
214 +7.24424512e-02
215 +8.82486147e-02
216 +5.86454000e-02
217 +7.77278061e-02
218 +7.42280060e-02
219 +7.77619917e-02
220 +1.01930305e-01
221 +7.85712313e-02
222 +8.36211883e-02
223 +8.10182780e-02
224 +6.89805003e-02
225 +7.44095113e-02
226 +6.76491736e-02
227 +1.02461498e-01
228 +9.43144673e-02
229 +8.59237883e-02
230 +7.67477160e-02
231 +8.70050074e-02
232 +8.39309820e-02
233 +6.90572128e-02
234 +8.89975419e-02
235 +7.08635278e-02
236 +8.60236479e-02
237 +8.67951410e-02
238 +7.31025170e-02
239 +6.94059072e-02
240 +7.02298365e-02
241 +9.25250913e-02
242 +7.92180077e-02
243 +7.50840314e-02
244 +7.17529168e-02
245 +1.04320724e-01
246 +7.23170101e-02
247 +8.07181328e-02
248 +7.39120852e-02
249 +8.00589980e-02
250 +8.73922056e-02
251 +8.72826616e-02
252 +7.05423884e-02
253 +8.04123305e-02
254 +7.94097596e-02
255 +8.80786672e-02
256 +8.72900788e-02
257 +7.48171543e-02
258 +1.04126366e-01
259 +7.32434283e-02
260 +9.17957682e-02
261 +8.46565992e-02
262 +8.91649141e-02
263 +8.79864806e-02
264 +8.69954413e-02
265 +8.81157937e-02
266 +8.95854461e-02
267 +7.00184829e-02
268 +8.85691308e-02
269 +8.20067327e-02
270 +9.54446584e-02
271 +8.70445145e-02
272 +8.67809959e-02
273 +8.48581539e-02
274 +7.11019040e-02
275 +8.64260642e-02
276 +8.00076134e-02
277 +7.07993068e-02
278 +8.97641861e-02
279 +6.66208058e-02
280 +6.68861791e-02
281 +9.86318389e-02
282 +9.26878507e-02
283 +8.78895180e-02
284 +8.96378004e-02
285 +9.59989469e-02
286 +9.26024441e-02
287 +8.25049933e-02
288 +8.41903217e-02
289 +8.02326280e-02
290 +8.46946778e-02
291 +8.26939473e-02
292 +8.28379489e-02
293 +8.31879262e-02
294 +9.08683965e-02
295 +1.01102751e-01
296 +8.76708010e-02
297 +8.80920873e-02
298 +7.53149481e-02
299 +7.69411198e-02
300 +7.24520721e-02
301 +1.06843422e-01
302 +9.26468352e-02
303 +8.48990724e-02
304 +8.01985622e-02
305 +1.01133455e-01
306 +8.21153690e-02
307 +8.34649979e-02
308 +9.67753227e-02
309 +9.06743992e-02
310 +7.47313886e-02
311 +7.55851607e-02
312 +9.50678907e-02
313 +7.72991811e-02
314 +8.15636755e-02
315 +8.00238976e-02
316 +7.80490745e-02
317 +8.26398627e-02
318 +8.69116221e-02
319 +8.13595905e-02
320 +9.14550760e-02
321 +9.71858223e-02
322 +8.22659270e-02
323 +9.50188991e-02
324 +8.08375383e-02
325 +7.63791552e-02
326 +8.61394875e-02
327 +8.77327760e-02
328 +8.78639231e-02
329 +8.38946703e-02
330 +9.79571565e-02
331 +7.20933037e-02
332 +8.86444838e-02
333 +8.69694814e-02
334 +7.27256970e-02
335 +1.00221520e-01
336 +9.43636561e-02
337 +8.80502879e-02
338 +7.65563531e-02
339 +7.58446298e-02
340 +7.84134538e-02
341 +9.35048773e-02
342 +7.68902150e-02
343 +7.81123098e-02
344 +8.25553045e-02
345 +8.12688835e-02
346 +8.48724300e-02
347 +7.88327179e-02
348 +9.42663173e-02
349 +8.31360985e-02
350 +1.02998722e-01
351 +9.26504519e-02
352 +8.51365185e-02
353 +1.02477074e-01
354 +8.10557911e-02
355 +6.70641386e-02
356 +8.53348010e-02
357 +7.26455182e-02
358 +9.16695583e-02
359 +8.51682440e-02
360 +9.24881370e-02
361 +7.67669662e-02
362 +8.30038548e-02
363 +9.11808182e-02
364 +8.34120452e-02
365 +7.56371700e-02
366 +8.18018170e-02
367 +8.62647562e-02
368 +8.64220601e-02
369 +9.73395449e-02
370 +1.05532580e-01
371 +8.11034755e-02
372 +9.27132009e-02
373 +7.85803355e-02
374 +9.68313863e-02
375 +7.36057093e-02
376 +8.61014849e-02
377 +8.80800457e-02
378 +9.55719990e-02
379 +8.65020311e-02
380 +8.18368063e-02
381 +9.19932244e-02
382 +7.67086459e-02
383 +8.20149948e-02
384 +7.31581950e-02
385 +8.02419153e-02
386 +1.02717950e-01
387 +9.29817613e-02
388 +9.02326414e-02
389 +7.97591725e-02
390 +9.78345687e-02
391 +7.13327614e-02
392 +7.09857228e-02
393 +7.92943165e-02
394 +7.58698069e-02
395 +8.03744410e-02
396 +7.69906335e-02
397 +7.66667725e-02
398 +8.33689386e-02
399 +7.63905447e-02
400 +9.00617460e-02
401 +6.50724398e-02
402 +8.35801544e-02
403 +8.43702488e-02
404 +8.90007711e-02
405 +1.02158896e-01
406 +7.97488413e-02
407 +7.78701120e-02
408 +8.07419987e-02
409 +8.13021671e-02
410 +1.00192021e-01
411 +7.84681641e-02
412 +8.06724722e-02
413 +7.93061119e-02
414 +8.41258360e-02
415 +8.44766688e-02
416 +7.82482480e-02
417 +7.56396500e-02
418 +9.30261113e-02
419 +7.91001200e-02
420 +9.02383569e-02
421 +7.19646098e-02
422 +8.03071706e-02
423 +9.17967881e-02
424 +7.77545318e-02
425 +7.57315948e-02
426 +7.56386741e-02
427 +8.68464698e-02
428 +9.59369291e-02
429 +9.09861704e-02
430 +9.89940364e-02
431 +7.76503512e-02
432 +9.22123342e-02
433 +8.63581042e-02
434 +6.90887542e-02
435 +8.39260388e-02
436 +8.25892132e-02
437 +9.12669849e-02
438 +7.65973469e-02
439 +5.88928115e-02
440 +8.60367040e-02
441 +6.76373787e-02
442 +8.48956483e-02
443 +8.46858173e-02
444 +8.85661991e-02
445 +8.49786145e-02
446 +7.98041988e-02
447 +6.13706882e-02
448 +6.55167498e-02
449 +7.57942442e-02
450 +7.73112224e-02
451 +9.29401375e-02
452 +7.82737169e-02
453 +8.37887231e-02
454 +8.51352611e-02
455 +9.14425263e-02
456 +9.32703269e-02
457 +7.44727315e-02
458 +7.15114643e-02
459 +9.02908754e-02
460 +9.30800836e-02
461 +8.65973031e-02
462 +7.48573422e-02
463 +8.68395404e-02
464 +8.26537499e-02
465 +7.42118090e-02
466 +8.70712354e-02
467 +9.12970297e-02
468 +7.66440177e-02
469 +7.60009187e-02
470 +7.45798543e-02
471 +8.73041243e-02
472 +6.98178608e-02
473 +7.87389538e-02
474 +9.52815724e-02
475 +8.25137070e-02
476 +7.96224252e-02
477 +7.46887513e-02
478 +8.93430551e-02
479 +1.00292926e-01
480 +6.32519376e-02
481 +7.73564665e-02
482 +7.81921170e-02
483 +6.42040010e-02
484 +8.25854769e-02
485 +7.45269764e-02
486 +8.97561779e-02
487 +8.13924280e-02
488 +8.12963357e-02
489 +8.11237266e-02
490 +7.90128609e-02
491 +9.49012036e-02
492 +9.38082441e-02
493 +8.07746024e-02
494 +8.17371034e-02
495 +7.92817772e-02
496 +7.75282046e-02
497 +7.78033032e-02
498 +6.40233080e-02
499 +9.44881647e-02
500 +8.26174619e-02
501 +8.71160389e-02
502 +7.97594997e-02
503 +9.77144308e-02
504 +8.48143170e-02
505 +9.06183464e-02
506 +8.15105646e-02
507 +8.67131485e-02
508 +6.98319903e-02
509 +8.52384022e-02
510 +7.70433468e-02
511 +8.13685743e-02
512 +7.37134230e-02
513 +9.04931447e-02
514 +8.05709747e-02
515 +8.86007332e-02
516 +8.07144881e-02
517 +8.01304906e-02
518 +8.18005567e-02
519 +8.36087569e-02
520 +8.08625529e-02
521 +1.06627878e-01
522 +7.46723638e-02
523 +7.45012224e-02
524 +5.91205582e-02
525 +1.02501236e-01
526 +8.44243674e-02
527 +9.11752125e-02
528 +7.86497088e-02
529 +8.14642651e-02
530 +8.25577900e-02
531 +8.23772628e-02
532 +9.41756033e-02
533 +8.00095711e-02
534 +7.77924662e-02
535 +8.74385545e-02
536 +8.71027647e-02
537 +8.23484823e-02
538 +8.34558725e-02
539 +8.04819421e-02
540 +8.42751070e-02
541 +9.43837595e-02
542 +8.69279588e-02
543 +8.21548832e-02
544 +7.69772257e-02
545 +8.46444346e-02
546 +8.37457004e-02
547 +7.71456010e-02
548 +8.45401192e-02
549 +8.39803292e-02
550 +7.86522595e-02
551 +8.56252828e-02
552 +9.99523534e-02
553 +8.32038994e-02
554 +9.41339528e-02
555 +9.25340620e-02
556 +7.80818097e-02
557 +9.79883930e-02
558 +7.95156194e-02
559 +7.87523677e-02
560 +8.18212151e-02
561 +7.40080276e-02
562 +8.22419400e-02
563 +6.96728067e-02
564 +7.55501880e-02
565 +8.64017559e-02
566 +6.47102947e-02
567 +8.10028848e-02
568 +9.62272087e-02
569 +8.90707709e-02
570 +9.38050489e-02
571 +8.76624213e-02
572 +8.91841956e-02
573 +7.56699230e-02
574 +7.24897995e-02
575 +6.81439225e-02
576 +6.97576063e-02
577 +9.29300660e-02
578 +7.63243760e-02
579 +7.81253566e-02
580 +8.28085362e-02
581 +8.30352103e-02
582 +9.13289892e-02
583 +7.78110120e-02
584 +6.83181954e-02
585 +9.02736660e-02
586 +7.62897704e-02
587 +7.65606025e-02
588 +8.39358206e-02
589 +8.14516647e-02
590 +9.46192226e-02
591 +8.27884871e-02
592 +9.07833944e-02
593 +7.24828239e-02
594 +8.66273075e-02
595 +7.97660539e-02
596 +7.82498222e-02
597 +9.43767961e-02
598 +7.78519414e-02
599 +8.06727912e-02
600 +7.90862115e-02
601 +8.83672040e-02
602 +7.08054753e-02
603 +9.09400656e-02
604 +8.86339894e-02
605 +9.05498612e-02
606 +7.61182040e-02
607 +7.75255956e-02
608 +6.91782396e-02
609 +7.98476919e-02
610 +8.30270078e-02
611 +8.43785611e-02
612 +9.15991242e-02
613 +9.15297612e-02
614 +7.78248438e-02
615 +9.43595496e-02
616 +7.55822031e-02
617 +9.46067554e-02
618 +7.31585879e-02
619 +8.03616726e-02
620 +9.24995670e-02
621 +8.01030292e-02
622 +7.90733161e-02
623 +7.39545669e-02
624 +7.24014016e-02
625 +6.64161332e-02
626 +6.91576557e-02
627 +7.93117613e-02
628 +7.63873491e-02
629 +8.07827437e-02
630 +8.92401949e-02
631 +7.71981032e-02
632 +8.45132956e-02
633 +7.40892441e-02
634 +8.54260613e-02
635 +7.37260773e-02
636 +7.83762721e-02
637 +7.46857986e-02
638 +8.18345534e-02
639 +8.42266550e-02
640 +9.49570248e-02
641 +8.31755101e-02
642 +9.66723001e-02
643 +7.27578393e-02
644 +8.14645407e-02
645 +9.20582679e-02
646 +7.87654610e-02
647 +8.32807565e-02
648 +7.82064457e-02
649 +8.61167471e-02
650 +9.29624359e-02
651 +8.31619423e-02
652 +9.22314280e-02
653 +9.44910428e-02
654 +8.65448380e-02
655 +8.91550329e-02
656 +6.26324684e-02
657 +9.35331875e-02
658 +8.56937042e-02
659 +9.28026274e-02
660 +8.90832820e-02
661 +8.58094807e-02
662 +8.85137403e-02
663 +9.70731210e-02
664 +7.70238653e-02
665 +9.07237340e-02
666 +8.34641723e-02
667 +7.98050730e-02
668 +7.73909749e-02
669 +7.92451832e-02
670 +8.86440135e-02
671 +9.64641386e-02
672 +7.55556653e-02
673 +8.34597516e-02
674 +7.00232133e-02
675 +8.18920326e-02
676 +1.00597746e-01
677 +8.71618332e-02
678 +9.64721721e-02
679 +8.27738403e-02
680 +8.69545730e-02
681 +8.62879026e-02
682 +8.68904948e-02
683 +7.82759628e-02
684 +7.50621451e-02
685 +7.32325140e-02
686 +7.26476588e-02
687 +7.97287456e-02
688 +8.26241540e-02
689 +7.92773927e-02
690 +1.02945535e-01
691 +7.43739987e-02
692 +7.40813861e-02
693 +8.60369402e-02
694 +8.50092712e-02
695 +8.30887048e-02
696 +8.35382965e-02
697 +7.23979881e-02
698 +8.38355068e-02
699 +7.50508749e-02
700 +8.81759585e-02
701 +7.24869257e-02
702 +7.45274684e-02
703 +7.58825223e-02
704 +7.96886696e-02
705 +6.80446556e-02
706 +8.88055026e-02
707 +8.08425707e-02
708 +7.40849140e-02
709 +8.56491648e-02
710 +7.97292897e-02
711 +8.33098881e-02
712 +8.22135795e-02
713 +9.08544914e-02
714 +9.53078890e-02
715 +1.09830502e-01
716 +7.67910820e-02
717 +7.88684105e-02
718 +7.82752399e-02
719 +1.04197171e-01
720 +8.56058433e-02
721 +7.90694762e-02
722 +8.91115311e-02
723 +8.85843304e-02
724 +8.87145754e-02
725 +8.47005555e-02
726 +9.68284557e-02
727 +8.42537723e-02
728 +7.21270861e-02
729 +7.06978182e-02
730 +8.81731637e-02
731 +7.73232227e-02
732 +9.11126837e-02
733 +8.56652727e-02
734 +8.55765278e-02
735 +7.46876034e-02
736 +1.06741592e-01
737 +6.89227439e-02
738 +8.02969889e-02
739 +9.52384760e-02
740 +9.84229631e-02
741 +8.39304975e-02
742 +9.15244605e-02
743 +7.96084361e-02
744 +8.33828588e-02
745 +9.31145677e-02
746 +9.15695007e-02
747 +8.10961797e-02
748 +8.23774240e-02
749 +9.69204721e-02
750 +8.12324727e-02
751 +7.76219191e-02
752 +8.86809057e-02
753 +7.64620865e-02
754 +8.45007640e-02
755 +9.25492985e-02
756 +9.96820463e-02
757 +9.49144090e-02
758 +8.54017998e-02
759 +8.61212711e-02
760 +9.13562661e-02
761 +9.45270536e-02
762 +7.77799548e-02
763 +8.16947440e-02
764 +9.15009031e-02
765 +9.29195920e-02
766 +8.52585420e-02
767 +8.19384964e-02
768 +6.91439133e-02
769 +9.37306384e-02
770 +8.49321374e-02
771 +8.01313608e-02
772 +8.09564761e-02
773 +9.50971596e-02
774 +9.39370244e-02
775 +7.35767106e-02
776 +8.53594825e-02
777 +8.94070130e-02
778 +9.26480261e-02
779 +6.73663377e-02
780 +8.17863949e-02
781 +8.15213722e-02
782 +8.02104051e-02
783 +8.45925238e-02
784 +8.94572427e-02
785 +9.11613728e-02
786 +7.51905875e-02
787 +9.97248296e-02
788 +7.43037233e-02
789 +9.30755319e-02
790 +7.91218572e-02
791 +6.84023639e-02
792 +7.73404876e-02
793 +7.95056556e-02
794 +9.10133766e-02
795 +7.28090626e-02
796 +7.80279990e-02
797 +9.10209165e-02
798 +7.02383236e-02
799 +8.28154735e-02
800 +8.29158708e-02
801 +8.13639299e-02
802 +9.35997602e-02
803 +7.82990326e-02
804 +8.36533815e-02
805 +8.91021896e-02
806 +7.90863721e-02
807 +8.87581603e-02
808 +9.97891713e-02
809 +8.63118169e-02
810 +8.21674335e-02
811 +7.13616726e-02
812 +7.87615163e-02
813 +1.01404170e-01
814 +6.85774730e-02
815 +8.42961570e-02
816 +8.89995070e-02
817 +8.94992979e-02
818 +6.13754405e-02
819 +8.93979018e-02
820 +9.78606520e-02
821 +9.34518324e-02
822 +7.83537854e-02
823 +8.35814975e-02
824 +8.71891591e-02
825 +6.67682125e-02
826 +6.34308807e-02
827 +7.36869490e-02
828 +8.61487823e-02
829 +8.82356122e-02
830 +7.21328243e-02
831 +8.03544083e-02
832 +8.60580983e-02
833 +8.81326755e-02
834 +8.34312008e-02
835 +8.34426873e-02
836 +7.91801988e-02
837 +8.10725868e-02
838 +9.62930130e-02
839 +7.44255782e-02
840 +8.75550987e-02
841 +9.31501079e-02
842 +8.96738346e-02
843 +7.98223394e-02
844 +7.80764457e-02
845 +7.81882922e-02
846 +9.65432148e-02
847 +8.81046468e-02
848 +8.89006764e-02
849 +7.55511440e-02
850 +7.27605133e-02
851 +9.39307629e-02
852 +9.48644824e-02
853 +9.05529443e-02
854 +9.47213232e-02
855 +8.80327331e-02
856 +8.52584412e-02
857 +8.77924239e-02
858 +9.05327150e-02
859 +8.28698492e-02
860 +9.28344837e-02
861 +7.13950093e-02
862 +7.64267229e-02
863 +9.10031517e-02
864 +8.33848782e-02
865 +6.79555775e-02
866 +8.38134093e-02
867 +8.83657827e-02
868 +8.77755192e-02
869 +9.31034838e-02
870 +8.74968216e-02
871 +9.20601489e-02
872 +6.51966241e-02
873 +9.39370025e-02
874 +7.81942337e-02
875 +8.60840876e-02
876 +7.74669243e-02
877 +8.20435335e-02
878 +7.35304848e-02
879 +1.09484424e-01
880 +7.63212080e-02
881 +8.78518445e-02
882 +6.97069622e-02
883 +9.27026656e-02
884 +8.65515034e-02
885 +7.48688326e-02
886 +8.15377848e-02
887 +9.09195750e-02
888 +8.35140854e-02
889 +7.51678056e-02
890 +6.93381700e-02
891 +9.47449988e-02
892 +7.02612080e-02
893 +9.74529656e-02
894 +8.02155294e-02
895 +7.70826062e-02
896 +8.76062598e-02
897 +8.73778306e-02
898 +7.05874905e-02
899 +8.16062932e-02
900 +9.04880056e-02
901 +8.76591216e-02
902 +8.29864806e-02
903 +8.69679616e-02
904 +7.80321013e-02
905 +8.99353257e-02
906 +8.69273397e-02
907 +7.00745980e-02
908 +9.74781611e-02
909 +8.68350274e-02
910 +6.84029531e-02
911 +8.05571918e-02
912 +8.35069361e-02
913 +8.53546820e-02
914 +7.34950964e-02
915 +7.81894815e-02
916 +8.89862265e-02
917 +8.56486922e-02
918 +8.15784965e-02
919 +7.47651842e-02
920 +8.11341034e-02
921 +8.00731593e-02
922 +9.05531584e-02
923 +7.47360395e-02
924 +8.25067549e-02
925 +8.75166951e-02
926 +7.38496876e-02
927 +8.34945483e-02
928 +7.11352656e-02
929 +8.71376648e-02
930 +7.03244375e-02
931 +8.37827835e-02
932 +7.76292059e-02
933 +8.47146689e-02
934 +6.98591222e-02
935 +8.48843297e-02
936 +8.94156160e-02
937 +8.19392959e-02
938 +9.32559113e-02
939 +8.26694323e-02
940 +8.25561602e-02
941 +6.96996988e-02
942 +6.02097303e-02
943 +7.48365784e-02
944 +9.91745319e-02
945 +9.53942996e-02
946 +7.94033490e-02
947 +8.77389949e-02
948 +8.04023903e-02
949 +9.29643157e-02
950 +9.29648674e-02
951 +9.08812663e-02
952 +8.58296048e-02
953 +9.23363975e-02
954 +7.75797577e-02
955 +8.59455034e-02
956 +7.19618721e-02
957 +9.22797928e-02
958 +8.34826554e-02
959 +8.59266813e-02
960 +8.85524754e-02
961 +7.47260773e-02
962 +7.66391801e-02
963 +8.98098433e-02
964 +8.77359645e-02
965 +7.35699022e-02
966 +8.09452232e-02
967 +9.57145292e-02
968 +7.99463075e-02
969 +7.79304193e-02
970 +9.47451754e-02
971 +7.75149811e-02
972 +9.46878532e-02
973 +7.85418049e-02
974 +8.89658334e-02
975 +7.78272072e-02
976 +7.94695334e-02
977 +8.60415557e-02
978 +6.92089535e-02
979 +8.67216754e-02
980 +7.73846005e-02
981 +8.85034625e-02
982 +9.95254055e-02
983 +8.35628931e-02
984 +7.60829563e-02
985 +8.65519258e-02
986 +8.71776772e-02
987 +8.87915619e-02
988 +9.08794308e-02
989 +8.99254521e-02
990 +8.51877706e-02
991 +8.09510808e-02
992 +8.50278785e-02
993 +9.08121945e-02
994 +8.51106894e-02
995 +9.70866805e-02
996 +8.40204389e-02
997 +8.49420739e-02
998 +8.03724071e-02
999 +6.70512174e-02
1000 +7.83414485e-02
