1 +7.95604389e-02
2 +7.73218573e-02
3 +7.28850895e-02
4 +7.51760731e-02
5 +9.33735779e-02
6 +9.22457470e-02
7 +8.56401615e-02
8 +8.95886442e-02
9 +6.17313182e-02
10 +8.32848212e-02
11 +7.59477632e-02
12 +8.13844758e-02
13 +7.18393774e-02
14 +8.85872437e-02
15 +8.51988491e-02
16 +8.15839170e-02
17 +8.41490442e-02
18 +8.15403712e-02
19 +8.64675192e-02
20 +8.44963933e-02
21 +9.80219089e-02
22 +9.12037642e-02
23 +9.85398607e-02
24 +7.82975510e-02
25 +8.51268405e-02
26 +8.99801411e-02
27 +9.34226377e-02
28 +7.77147574e-02
29 +7.93710796e-02
30 +7.53330199e-02
31 +6.36922827e-02
32 +8.20537775e-02
33 +9.33946566e-02
34 +7.98596080e-02
35 +7.45322914e-02
36 +7.28754967e-02
37 +9.78355842e-02
38 +8.11959906e-02
39 +8.83623867e-02
40 +8.81980593e-02
41 +8.58522840e-02
42 +7.88672717e-02
43 +8.10476102e-02
44 +7.64338113e-02
45 +9.52958797e-02
46 +8.24649169e-02
47 +7.71992779e-02
48 +9.08599046e-02
49 +6.51584437e-02
50 +7.33379529e-02
51 +8.49842625e-02
52 +7.57060454e-02
53 +8.24945937e-02
54 +9.87505833e-02
55 +7.77052725e-02
56 +8.82121104e-02
57 +9.64467776e-02
58 +7.59447414e-02
59 +7.96817007e-02
60 +8.56264724e-02
61 +7.06381502e-02
62 +7.33600018e-02
63 +9.32084732e-02
64 +8.58420083e-02
65 +7.75642776e-02
66 +8.47450003e-02
67 +9.05608095e-02
68 +7.72175477e-02
69 +8.29863389e-02
70 +8.82804215e-02
71 +7.19922418e-02
72 +7.77676078e-02
73 +7.00752500e-02
74 +8.78000110e-02
75 +8.01834193e-02
76 +9.02684617e-02
77 +7.53192250e-02
78 +8.17570521e-02
79 +7.23972735e-02
80 +7.59004806e-02
81 +8.96433032e-02
82 +9.95745069e-02
83 +8.90616017e-02
84 +7.13141957e-02
85 +9.21649766e-02
86 +9.16473213e-02
87 +8.07685248e-02
88 +7.35295152e-02
89 +9.90616145e-02
90 +7.81744230e-02
91 +7.59766534e-02
92 +8.55861092e-02
93 +7.77968998e-02
94 +8.18855145e-02
95 +9.02885004e-02
96 +9.21356826e-02
97 +7.54774345e-02
98 +9.13726817e-02
99 +9.08034472e-02
100 +7.99985800e-02
101 +9.17543590e-02
102 +7.81711235e-02
103 +8.34898208e-02
104 +8.44661618e-02
105 +6.62397500e-02
106 +8.52178417e-02
107 +8.57197920e-02
108 +7.47556260e-02
109 +8.38259026e-02
110 +8.28108102e-02
111 +9.26531168e-02
112 +8.68209332e-02
113 +8.39767273e-02
114 +8.09686619e-02
115 +8.32190535e-02
116 +8.66689805e-02
117 +6.41719796e-02
118 +8.84779765e-02
119 +8.61864395e-02
120 +7.23368583e-02
121 +7.55429534e-02
122 +8.14534067e-02
123 +7.81758182e-02
124 +7.78855652e-02
125 +7.25302936e-02
126 +9.75272194e-02
127 +8.72497824e-02
128 +8.25639174e-02
129 +8.39501295e-02
130 +7.61895128e-02
131 +8.37096056e-02
132 +8.42708891e-02
133 +7.60008042e-02
134 +8.43087115e-02
135 +7.21278986e-02
136 +8.23429154e-02
137 +9.60139584e-02
138 +7.99816012e-02
139 +6.93344818e-02
140 +7.43399656e-02
141 +7.50258525e-02
142 +9.28673872e-02
143 +8.69950708e-02
144 +8.31349988e-02
145 +8.17420459e-02
146 +7.52791853e-02
147 +8.60978565e-02
148 +9.03257289e-02
149 +8.80485716e-02
150 +7.89174859e-02
151 +8.36723118e-02
152 +7.84225821e-02
153 +8.63723996e-02
154 +8.71900195e-02
155 +8.45001225e-02
156 +7.93322992e-02
157 +8.01273945e-02
158 +8.22224810e-02
159 +7.46641231e-02
160 +8.74513623e-02
161 +6.60121838e-02
162 +7.69102854e-02
163 +6.63974962e-02
164 +7.98726090e-02
165 +8.95680018e-02
166 +7.74064079e-02
167 +9.51136808e-02
168 +8.66236949e-02
169 +6.59568535e-02
170 +7.54278354e-02
171 +8.25179144e-02
172 +8.88586393e-02
173 +8.57281064e-02
174 +7.67400119e-02
175 +9.26908310e-02
176 +8.86602843e-02
177 +8.15898988e-02
178 +6.76756354e-02
179 +7.97899599e-02
180 +9.33858084e-02
181 +8.12056482e-02
182 +8.38267596e-02
183 +7.40719400e-02
184 +9.42761986e-02
185 +8.44326913e-02
186 +9.37864906e-02
187 +8.36217904e-02
188 +7.42857902e-02
189 +7.88866103e-02
190 +8.22191216e-02
191 +8.47246549e-02
192 +7.11908996e-02
193 +9.15956916e-02
194 +7.13355846e-02
195 +7.47079578e-02
196 +8.87872189e-02
197 +7.58385757e-02
198 +8.80193070e-02
199 +8.09537537e-02
200 +7.37025899e-02
201 +9.07762024e-02
202 +7.84355064e-02
203 +7.21442441e-02
204 +7.90156960e-02
205 +9.38606134e-02
206 +9.69889403e-02
207 +8.88286134e-02
208 +7.63277374e-02
209 +7.28231698e-02
210 +9.14666389e-02
211 +6.48796592e-02
212 +7.70263818e-02
213 +9.17357650e-02
214 +9.07567403e-02
215 +9.62633302e-02
216 +8.51724766e-02
217 +8.38994150e-02
218 +9.64973927e-02
219 +8.45379411e-02
220 +7.36695813e-02
221 +7.61993830e-02
222 +7.98642347e-02
223 +9.38367303e-02
224 +9.46879013e-02
225 +7.52795356e-02
226 +9.30171297e-02
227 +7.59594687e-02
228 +7.72053815e-02
229 +7.46553483e-02
230 +7.66745034e-02
231 +8.96459170e-02
232 +9.99214349e-02
233 +8.72054571e-02
234 +8.91294741e-02
235 +8.07976617e-02
236 +8.76203470e-02
237 +9.23275412e-02
238 +7.80597319e-02
239 +8.59281794e-02
240 +6.41729694e-02
241 +7.79121907e-02
242 +8.12001087e-02
243 +8.75593180e-02
244 +8.95190047e-02
245 +9.32319717e-02
246 +8.26265851e-02
247 +7.81991808e-02
248 +8.28863702e-02
249 +7.82224798e-02
250 +8.91687145e-02
251 +7.76956594e-02
252 +8.39337980e-02
253 +7.84840939e-02
254 +8.83139702e-02
255 +7.00028691e-02
256 +8.54336836e-02
257 +8.86044740e-02
258 +7.14299150e-02
259 +7.87910687e-02
260 +9.31657577e-02
261 +7.67355675e-02
262 +8.59833712e-02
263 +7.66546701e-02
264 +8.89176113e-02
265 +7.47533579e-02
266 +7.65130409e-02
267 +7.73326492e-02
268 +7.54638862e-02
269 +9.58750507e-02
270 +8.27007715e-02
271 +8.78721553e-02
272 +8.90739486e-02
273 +8.28189967e-02
274 +7.68150469e-02
275 +8.01069161e-02
276 +6.24896082e-02
277 +8.53030102e-02
278 +7.16520689e-02
279 +7.69778383e-02
280 +7.39060296e-02
281 +9.19687251e-02
282 +8.46140465e-02
283 +7.45270859e-02
284 +8.22230140e-02
285 +8.45460428e-02
286 +7.72093253e-02
287 +6.69814982e-02
288 +8.44737600e-02
289 +9.24807725e-02
290 +7.86199315e-02
291 +7.31346255e-02
292 +8.24866012e-02
293 +8.08802253e-02
294 +7.77826017e-02
295 +7.35670557e-02
296 +8.85922061e-02
297 +8.12925022e-02
298 +6.84707887e-02
299 +9.62319825e-02
300 +8.03232858e-02
301 +8.28117890e-02
302 +9.58337494e-02
303 +9.35970691e-02
304 +9.08093282e-02
305 +7.90049665e-02
306 +8.64394321e-02
307 +8.65862082e-02
308 +7.71844996e-02
309 +9.04263677e-02
310 +8.74203986e-02
311 +8.37970827e-02
312 +7.71228252e-02
313 +7.75365329e-02
314 +8.08857386e-02
315 +7.75080644e-02
316 +7.49163369e-02
317 +8.03325121e-02
318 +8.25040637e-02
319 +8.07311158e-02
320 +8.61337433e-02
321 +8.91827491e-02
322 +8.08893485e-02
323 +8.82644656e-02
324 +8.13058158e-02
325 +8.47046793e-02
326 +8.49031639e-02
327 +7.96146845e-02
328 +8.56924184e-02
329 +7.03062261e-02
330 +8.82353309e-02
331 +7.84705854e-02
332 +9.06642669e-02
333 +7.16459152e-02
334 +8.17061541e-02
335 +8.94179066e-02
336 +8.13448578e-02
337 +6.72274161e-02
338 +9.85234477e-02
339 +7.93794833e-02
340 +8.31862860e-02
341 +8.40630149e-02
342 +9.05205071e-02
343 +9.98622405e-02
344 +6.95534521e-02
345 +7.61595481e-02
346 +7.72932232e-02
347 +8.67673261e-02
348 +9.37135628e-02
349 +9.00671299e-02
350 +8.16455562e-02
351 +8.51770678e-02
352 +7.23973847e-02
353 +9.35063516e-02
354 +6.57564024e-02
355 +8.52016357e-02
356 +7.24684053e-02
357 +7.43693616e-02
358 +8.64068935e-02
359 +8.95053398e-02
360 +8.23944616e-02
361 +8.28690175e-02
362 +8.03735647e-02
363 +7.87973427e-02
364 +9.70277819e-02
365 +7.96736852e-02
366 +6.45971913e-02
367 +8.77001457e-02
368 +8.67364020e-02
369 +7.84197007e-02
370 +8.80554958e-02
371 +8.63430117e-02
372 +9.49281848e-02
373 +7.51639643e-02
374 +7.06098216e-02
375 +6.72442846e-02
376 +7.07401066e-02
377 +8.39462941e-02
378 +8.38609056e-02
379 +7.64015271e-02
380 +8.83503214e-02
381 +9.21527239e-02
382 +9.26364152e-02
383 +8.20319038e-02
384 +8.08519979e-02
385 +7.88637119e-02
386 +8.06870201e-02
387 +8.40200868e-02
388 +8.48098757e-02
389 +6.90862304e-02
390 +8.43372293e-02
391 +8.60305585e-02
392 +7.77430992e-02
393 +7.70517514e-02
394 +9.44076958e-02
395 +7.37398084e-02
396 +7.41222969e-02
397 +8.45824828e-02
398 +7.69973396e-02
399 +7.77530707e-02
400 +8.74163485e-02
401 +1.01341192e-01
402 +7.84704964e-02
403 +8.46343333e-02
404 +7.54640716e-02
405 +8.88063623e-02
406 +6.50376703e-02
407 +9.14336275e-02
408 +7.02685087e-02
409 +7.34746101e-02
410 +7.48123073e-02
411 +7.81823619e-02
412 +8.06128832e-02
413 +8.16724043e-02
414 +7.62082666e-02
415 +8.70566640e-02
416 +8.88420594e-02
417 +8.07018625e-02
418 +7.19640417e-02
419 +9.46725273e-02
420 +6.88575789e-02
421 +6.98200556e-02
422 +7.74758217e-02
423 +8.91604949e-02
424 +8.69194532e-02
425 +9.96882514e-02
426 +8.63425859e-02
427 +8.61667016e-02
428 +8.45289463e-02
429 +8.85534085e-02
430 +7.78347176e-02
431 +7.33418272e-02
432 +7.19851705e-02
433 +8.06842789e-02
434 +7.92330246e-02
435 +5.95614667e-02
436 +9.89086830e-02
437 +7.73509363e-02
438 +7.82574811e-02
439 +1.02500723e-01
440 +6.87610275e-02
441 +7.82609646e-02
442 +7.43791507e-02
443 +8.15238859e-02
444 +8.00208515e-02
445 +8.47725651e-02
446 +6.99088229e-02
447 +9.06614198e-02
448 +7.66111049e-02
449 +6.99532650e-02
450 +7.89802663e-02
451 +7.59772283e-02
452 +7.44992858e-02
453 +6.92008221e-02
454 +8.82006715e-02
455 +7.68347568e-02
456 +9.14403671e-02
457 +8.81588208e-02
458 +9.34413152e-02
459 +8.00680497e-02
460 +9.32160675e-02
461 +8.84722095e-02
462 +8.34748324e-02
463 +8.08449570e-02
464 +7.58965767e-02
465 +8.61849136e-02
466 +6.63470371e-02
467 +9.31688736e-02
468 +8.89544645e-02
469 +7.18779764e-02
470 +7.52866153e-02
471 +8.13385344e-02
472 +7.80155507e-02
473 +8.13905411e-02
474 +8.53919076e-02
475 +8.58095437e-02
476 +8.60701457e-02
477 +8.03289351e-02
478 +7.04628804e-02
479 +7.57291608e-02
480 +6.29007827e-02
481 +8.89081037e-02
482 +8.11210780e-02
483 +8.42311716e-02
484 +7.20996078e-02
485 +6.49487515e-02
486 +7.34348478e-02
487 +8.46290408e-02
488 +7.40796747e-02
489 +9.98357027e-02
490 +9.89185583e-02
491 +9.23307838e-02
492 +7.08357223e-02
493 +7.93065846e-02
494 +8.89290720e-02
495 +7.66938869e-02
496 +7.91320484e-02
497 +7.69270910e-02
498 +9.27133640e-02
499 +7.56898274e-02
500 +7.81452556e-02
501 +7.15368866e-02
502 +8.08784519e-02
503 +8.64171252e-02
504 +7.84528846e-02
505 +6.91486429e-02
506 +8.85902817e-02
507 +8.74973707e-02
508 +8.89347172e-02
509 +8.17004802e-02
510 +8.62924042e-02
511 +8.61361309e-02
512 +7.78013745e-02
513 +8.65953612e-02
514 +8.00688914e-02
515 +8.08382834e-02
516 +7.84955194e-02
517 +7.85170808e-02
518 +8.29146108e-02
519 +8.45183518e-02
520 +9.14592603e-02
521 +7.34618102e-02
522 +7.99410847e-02
523 +8.13167054e-02
524 +8.06772720e-02
525 +7.79043423e-02
526 +8.04893263e-02
527 +8.63535756e-02
528 +8.30912578e-02
529 +7.86056710e-02
530 +8.71034298e-02
531 +8.73757556e-02
532 +7.84737502e-02
533 +8.68723974e-02
534 +8.29198361e-02
535 +6.52949793e-02
536 +8.62446322e-02
537 +8.38548514e-02
538 +8.01752537e-02
539 +7.03478669e-02
540 +8.11955011e-02
541 +7.58943597e-02
542 +8.60615703e-02
543 +7.59015613e-02
544 +7.02867771e-02
545 +8.39941388e-02
546 +8.21548383e-02
547 +8.15567416e-02
548 +9.02299886e-02
549 +8.67937103e-02
550 +8.84965988e-02
551 +4.90274953e-02
552 +7.55617471e-02
553 +8.27552953e-02
554 +9.36972467e-02
555 +8.92884816e-02
556 +8.72069218e-02
557 +8.90180535e-02
558 +7.61709894e-02
559 +7.72588977e-02
560 +8.78325314e-02
561 +8.58423738e-02
562 +5.89822863e-02
563 +7.68537918e-02
564 +7.37467913e-02
565 +8.26495820e-02
566 +7.73196715e-02
567 +8.94284615e-02
568 +9.18085430e-02
569 +9.18174469e-02
570 +7.90682302e-02
571 +8.88175847e-02
572 +7.64412745e-02
573 +7.81250085e-02
574 +7.58359544e-02
575 +7.00439957e-02
576 +5.91265909e-02
577 +9.45053627e-02
578 +9.27316058e-02
579 +6.75441197e-02
580 +6.47981368e-02
581 +7.61064451e-02
582 +8.59998233e-02
583 +7.81779180e-02
584 +8.72002676e-02
585 +9.42290724e-02
586 +9.28487697e-02
587 +8.94041437e-02
588 +9.15506326e-02
589 +7.15916118e-02
590 +8.94120497e-02
591 +8.45746130e-02
592 +9.44561455e-02
593 +7.40409980e-02
594 +6.71562299e-02
595 +7.50285150e-02
596 +8.98283818e-02
597 +6.98495101e-02
598 +7.78865924e-02
599 +7.78541643e-02
600 +8.34632209e-02
601 +8.72835476e-02
602 +9.20481280e-02
603 +8.84903179e-02
604 +9.12199946e-02
605 +9.31706687e-02
606 +8.30191688e-02
607 +8.56576093e-02
608 +7.76302939e-02
609 +7.86655303e-02
610 +6.98356549e-02
611 +8.35313182e-02
612 +7.98269900e-02
613 +6.47403737e-02
614 +8.31712121e-02
615 +8.58458606e-02
616 +7.97391912e-02
617 +8.54554368e-02
618 +6.75905998e-02
619 +7.99420091e-02
620 +8.89599699e-02
621 +8.34663338e-02
622 +8.46490044e-02
623 +9.80154238e-02
624 +8.97011745e-02
625 +8.04287108e-02
626 +7.84617506e-02
627 +6.35885288e-02
628 +9.46566704e-02
629 +8.75322183e-02
630 +6.67109420e-02
631 +8.85673725e-02
632 +8.78996791e-02
633 +8.37933540e-02
634 +6.73488787e-02
635 +8.22312663e-02
636 +7.56451418e-02
637 +8.00789492e-02
638 +7.53126156e-02
639 +8.10885998e-02
640 +9.40771096e-02
641 +8.11186460e-02
642 +1.02330666e-01
643 +8.08385764e-02
644 +7.97649778e-02
645 +8.43474429e-02
646 +6.86628408e-02
647 +7.33861732e-02
648 +8.66872330e-02
649 +7.60459034e-02
650 +7.91077046e-02
651 +7.12338849e-02
652 +7.94814544e-02
653 +7.72696672e-02
654 +6.99103244e-02
655 +8.46577406e-02
656 +7.32082608e-02
657 +7.69488561e-02
658 +8.37969897e-02
659 +7.63542709e-02
660 +7.18043220e-02
661 +6.46904009e-02
662 +9.01399755e-02
663 +8.11804881e-02
664 +8.80358071e-02
665 +8.27400631e-02
666 +8.64682524e-02
667 +7.47018002e-02
668 +7.30913939e-02
669 +9.50486582e-02
670 +8.22721732e-02
671 +8.65975000e-02
672 +8.40583528e-02
673 +8.25536505e-02
674 +7.92352321e-02
675 +7.96732605e-02
676 +7.69295196e-02
677 +8.54211692e-02
678 +9.82914441e-02
679 +8.43133740e-02
680 +7.29376345e-02
681 +9.19174637e-02
682 +7.82361983e-02
683 +7.80456392e-02
684 +7.35834113e-02
685 +8.15188611e-02
686 +7.85315338e-02
687 +1.01312681e-01
688 +9.17063304e-02
689 +9.28786762e-02
690 +6.87957645e-02
691 +7.83800919e-02
692 +6.25977895e-02
693 +7.31213685e-02
694 +7.92050299e-02
695 +8.44176901e-02
696 +7.27266258e-02
697 +7.90386209e-02
698 +7.77391563e-02
699 +7.85876868e-02
700 +8.22374589e-02
701 +8.10225055e-02
702 +8.34983101e-02
703 +7.81991270e-02
704 +8.49977121e-02
705 +7.97040582e-02
706 +7.17791009e-02
707 +8.59909884e-02
708 +7.98864782e-02
709 +9.25000425e-02
710 +8.23049679e-02
711 +9.07311366e-02
712 +7.14034784e-02
713 +9.10346977e-02
714 +8.51068211e-02
715 +8.49479859e-02
716 +8.65141691e-02
717 +7.87094044e-02
718 +8.57776225e-02
719 +8.27248500e-02
720 +9.38673934e-02
721 +8.96075078e-02
722 +8.99932953e-02
723 +7.40005894e-02
724 +7.51899729e-02
725 +8.09220406e-02
726 +7.59441624e-02
727 +8.95305332e-02
728 +8.79034043e-02
729 +8.47728764e-02
730 +8.31913604e-02
731 +8.52045919e-02
732 +8.61225659e-02
733 +7.48551870e-02
734 +9.30723421e-02
735 +8.20433133e-02
736 +9.39343869e-02
737 +7.98997597e-02
738 +8.37995842e-02
739 +7.78523579e-02
740 +9.16939834e-02
741 +8.76117500e-02
742 +7.39842897e-02
743 +7.80478588e-02
744 +9.44930036e-02
745 +6.59886111e-02
746 +9.21698437e-02
747 +8.28950742e-02
748 +7.88814636e-02
749 +8.34832658e-02
750 +6.98787337e-02
751 +8.24348467e-02
752 +8.60171766e-02
753 +1.02140234e-01
754 +8.67055379e-02
755 +7.25589715e-02
756 +7.69462915e-02
757 +7.77630428e-02
758 +8.01276452e-02
759 +7.49990290e-02
760 +6.98483453e-02
761 +7.49807074e-02
762 +7.92184827e-02
763 +7.97644327e-02
764 +7.82248361e-02
765 +7.84840609e-02
766 +9.39125955e-02
767 +7.57338471e-02
768 +8.56451569e-02
769 +7.74287633e-02
770 +8.02135274e-02
771 +7.57964077e-02
772 +8.48644301e-02
773 +7.47353217e-02
774 +6.70862294e-02
775 +6.95359171e-02
776 +8.36102590e-02
777 +7.25206856e-02
778 +8.07843307e-02
779 +8.13517476e-02
780 +8.95753474e-02
781 +8.10726424e-02
782 +7.97928074e-02
783 +8.54608002e-02
784 +9.62068453e-02
785 +8.97670218e-02
786 +7.91650000e-02
787 +7.62669653e-02
788 +6.38091684e-02
789 +7.83703619e-02
790 +7.27746299e-02
791 +9.39915739e-02
792 +6.82175151e-02
793 +8.10888385e-02
794 +8.76890274e-02
795 +8.63462110e-02
796 +9.39044771e-02
797 +8.57314310e-02
798 +8.93237983e-02
799 +7.99169816e-02
800 +8.46112168e-02
801 +6.96554011e-02
802 +6.81799121e-02
803 +8.72679885e-02
804 +8.68384079e-02
805 +7.99726464e-02
806 +7.44832294e-02
807 +8.64580433e-02
808 +8.32363422e-02
809 +8.34078107e-02
810 +9.01020900e-02
811 +7.18842473e-02
812 +7.70240771e-02
813 +7.45767061e-02
814 +8.70845733e-02
815 +8.36996923e-02
816 +7.33789109e-02
817 +6.65505742e-02
818 +9.10417612e-02
819 +8.08531983e-02
820 +7.52183903e-02
821 +7.34248028e-02
822 +8.29270506e-02
823 +7.64132969e-02
824 +7.84870235e-02
825 +8.69024891e-02
826 +6.60760800e-02
827 +8.66890539e-02
828 +7.68581514e-02
829 +9.49574788e-02
830 +8.20467020e-02
831 +8.81192439e-02
832 +9.23183647e-02
833 +8.04777476e-02
834 +8.12235283e-02
835 +9.61944218e-02
836 +8.97425322e-02
837 +9.04282884e-02
838 +7.44694239e-02
839 +7.19062772e-02
840 +9.46565918e-02
841 +8.90582899e-02
842 +7.60591348e-02
843 +8.25814042e-02
844 +7.46912141e-02
845 +8.11493436e-02
846 +9.71562224e-02
847 +7.72438377e-02
848 +8.70649180e-02
849 +8.29207640e-02
850 +7.82988162e-02
851 +7.81187385e-02
852 +8.07895433e-02
853 +6.94247663e-02
854 +8.21508375e-02
855 +7.23447169e-02
856 +8.00607952e-02
857 +8.86178987e-02
858 +9.42470727e-02
859 +8.53733657e-02
860 +8.24112600e-02
861 +9.87170362e-02
862 +7.37472972e-02
863 +6.31297667e-02
864 +8.73119996e-02
865 +7.73161587e-02
866 +9.70363216e-02
867 +7.30374213e-02
868 +7.23181643e-02
869 +8.33804750e-02
870 +8.96862110e-02
871 +8.47392588e-02
872 +8.34728149e-02
873 +7.02324237e-02
874 +8.47343214e-02
875 +9.03803243e-02
876 +7.64567954e-02
877 +8.77918943e-02
878 +8.69310942e-02
879 +7.72869116e-02
880 +8.75766913e-02
881 +8.48592708e-02
882 +9.53160456e-02
883 +7.95866428e-02
884 +9.37189208e-02
885 +8.86147636e-02
886 +8.68527282e-02
887 +7.24479433e-02
888 +8.91445374e-02
889 +9.09253249e-02
890 +7.14549561e-02
891 +7.67356789e-02
892 +8.57196023e-02
893 +8.69215101e-02
894 +7.12218967e-02
895 +8.33223870e-02
896 +7.76613999e-02
897 +8.46535167e-02
898 +7.26025106e-02
899 +7.98878060e-02
900 +8.12606797e-02
901 +7.09832334e-02
902 +8.17780517e-02
903 +8.33573065e-02
904 +9.38511055e-02
905 +8.08211056e-02
906 +7.92036295e-02
907 +7.99158039e-02
908 +8.92974310e-02
909 +7.60657316e-02
910 +7.76374088e-02
911 +7.59511392e-02
912 +8.07002651e-02
913 +9.61230267e-02
914 +8.29237970e-02
915 +8.45534334e-02
916 +8.49127205e-02
917 +7.87431052e-02
918 +8.64238507e-02
919 +8.95926636e-02
920 +9.11385081e-02
921 +7.34044632e-02
922 +8.80894576e-02
923 +7.71061054e-02
924 +7.74622948e-02
925 +7.60967933e-02
926 +8.73812460e-02
927 +8.85672489e-02
928 +7.12179145e-02
929 +8.18351243e-02
930 +8.53593242e-02
931 +8.78729333e-02
932 +7.18278560e-02
933 +8.94805542e-02
934 +9.00866313e-02
935 +8.08114540e-02
936 +7.76078610e-02
937 +7.60993603e-02
938 +7.69541523e-02
939 +9.99939277e-02
940 +7.34371105e-02
941 +9.13079574e-02
942 +9.26680443e-02
943 +8.61221790e-02
944 +1.01084831e-01
945 +7.43543044e-02
946 +8.77347596e-02
947 +8.12725227e-02
948 +7.29293421e-02
949 +8.55629164e-02
950 +7.93699485e-02
951 +7.10915537e-02
952 +7.29645693e-02
953 +8.23215133e-02
954 +7.79732211e-02
955 +8.61269953e-02
956 +8.38038824e-02
957 +7.81378856e-02
958 +8.14542814e-02
959 +6.16438144e-02
960 +6.99950098e-02
961 +8.63426315e-02
962 +8.50072508e-02
963 +7.85628743e-02
964 +9.50286789e-02
965 +8.57580162e-02
966 +8.78958068e-02
967 +7.60646271e-02
968 +9.24133847e-02
969 +8.52122190e-02
970 +8.27987043e-02
971 +8.19089554e-02
972 +1.07332875e-01
973 +7.61621930e-02
974 +7.78108345e-02
975 +7.77306197e-02
976 +8.99820907e-02
977 +8.26116318e-02
978 +7.49775328e-02
979 +8.04253285e-02
980 +7.62658521e-02
981 +7.32102515e-02
982 +8.39767143e-02
983 +9.66597097e-02
984 +6.88078725e-02
985 +7.77509212e-02
986 +7.19521050e-02
987 +7.45172192e-02
988 +8.07453481e-02
989 +6.76208287e-02
990 +6.69654704e-02
991 +7.14112159e-02
992 +7.61702818e-02
993 +7.79264635e-02
994 +8.74498521e-02
995 +8.93291522e-02
996 +7.87400166e-02
997 +8.74444402e-02
998 +1.04935151e-01
999 +8.01983839e-02
1000 +8.80621337e-02
